resources/data/test/data/test/asc/aaigrid_elevations.asc
ncols        121
nrows        121
xllcorner    -120.004166666667
yllcorner    33.995833333333
cellsize     0.008333333333
NODATA_value -32767
[rows 0 to 45 of 121, columns 0 to 95 of 121]
1343 1164 1074 948 894 754 700 661 649 615 622 625 623 591 642 635 639 616 580 588 559 558 557 542 557 587 652 662 647 690 806 772 749 947 842 868 869 779 732 742 746 833 856 868 779 966 927 986 1049 1089 1055 1005 1013 991 953 974 961 928 888 882 862 882 802 812 824 670 779 748 735 678 646 536 545 607 639 624 537 461 399 438 441 386 379 387 383 395 401 400 393 382 360 349 373 376 372 387
1433 1456 1168 1075 1076 862 742 730 697 654 670 674 655 657 659 666 696 674 658 590 592 612 573 612 554 559 569 577 604 622 658 677 665 847 751 809 780 759 708 696 705 725 747 783 790 841 993 1047 1142 1138 1092 1051 987 971 984 1044 1033 1022 946 911 862 847 803 822 754 779 741 796 800 759 677 627 580 589 549 547 614 513 432 493 578 518 489 445 430 432 439 434 424 407 391 397 418 418 401 410
1200 1499 1394 1240 1095 1035 859 783 724 689 681 708 689 692 698 675 700 679 630 640 622 621 611 638 612 586 586 574 569 576 595 632 642 677 674 653 659 697 648 648 655 693 714 738 839 856 960 939 1073 1070 1016 1100 1103 881 990 926 984 995 968 948 931 923 859 830 826 863 829 814 817 811 802 725 648 618 643 597 500 479 507 496 537 546 487 489 448 462 471 470 456 435 434 428 453 477 480 476
1160 1392 1418 1235 1364 1049 998 991 798 777 719 721 729 719 715 733 749 672 689 639 641 659 659 658 651 630 616 598 613 609 586 588 590 596 599 604 617 620 629 634 640 641 649 656 690 727 749 877 959 1071 890 985 1008 897 917 858 899 886 886 996 978 969 904 889 870 828 854 880 864 833 860 730 800 814 806 674 734 628 580 647 603 521 492 482 501 498 508 507 487 494 495 506 561 600 621 586
1255 1397 1470 1373 1442 1417 1152 966 999 876 778 782 776 742 740 754 730 710 666 710 711 704 671 686 678 666 655 610 641 636 623 611 601 608 613 618 622 625 629 636 641 643 647 653 656 662 682 682 732 779 851 846 867 808 794 856 818 870 867 966 988 1030 992 917 866 867 848 849 879 916 900 875 884 842 926 872 858 751 631 724 689 586 547 595 610 521 548 544 526 547 586 639 619 673 749 631
1139 1202 1232 1238 1429 1477 1340 1183 1131 951 887 864 854 824 789 768 755 757 712 742 745 747 692 715 699 666 675 640 670 659 658 648 632 629 625 626 631 639 640 649 648 650 647 658 659 666 672 675 682 689 696 705 729 738 784 753 794 808 849 847 883 910 996 978 938 916 894 911 988 984 938 911 1001 1038 1021 986 901 800 636 733 655 725 598 628 610 609 588 592 610 675 664 693 748 761 711 707
907 1091 1038 1082 1186 1494 1523 1331 1273 983 1213 939 1128 1025 886 869 805 827 766 787 786 755 758 753 739 733 714 663 690 694 692 677 657 651 643 643 641 642 653 658 663 665 666 663 665 667 671 679 685 690 695 700 708 718 717 717 732 736 753 774 799 849 914 920 947 927 910 935 972 967 1041 990 1049 1032 1060 1098 969 837 635 834 807 786 718 691 679 693 734 682 793 767 792 755 858 786 772 767
868 832 927 1045 1217 1232 1408 1402 1189 1248 1180 1046 1290 1166 961 993 860 799 856 835 831 795 811 783 753 756 755 717 713 724 727 710 685 663 662 657 654 654 664 669 673 676 676 675 676 679 681 682 685 692 699 704 710 713 716 717 718 727 741 758 775 796 818 843 861 875 900 966 999 1032 1049 1084 1071 1075 1109 1122 1022 907 684 889 991 821 783 728 687 781 791 819 869 897 854 803 972 1083 989 935
903 1042 858 1034 1006 1168 1305 1437 1432 1321 1215 1095 1339 1162 1182 948 944 989 933 933 947 930 869 847 771 812 778 754 746 763 765 736 709 681 689 680 673 667 674 681 687 688 686 684 687 692 694 692 693 696 701 707 713 719 720 723 723 729 738 752 780 848 859 885 873 911 953 1027 1089 1141 1164 1154 1109 1177 1201 1220 1123 963 750 896 918 914 876 774 780 838 993 964 1075 1062 959 922 953 1086 1261 1150
765 814 821 806 913 1049 1283 1185 1366 1506 1328 1257 1416 1388 1234 1052 1099 1334 1183 1080 1160 1053 941 919 900 875 831 788 783 785 790 759 734 733 729 720 697 685 692 701 704 705 699 699 698 702 706 706 704 701 705 710 717 721 728 731 732 735 740 764 810 917 923 934 928 944 1022 1090 1111 1199 1228 1268 1259 1188 1124 1006 900 816 1011 1022 1030 961 830 877 943 953 1056 1205 1195 1089 1127 980 1054 1078 1221 1225
928 816 848 765 862 1046 993 1095 1298 1340 1419 1578 1516 1568 1538 1243 1287 1464 1487 1138 1402 1179 1044 1194 980 1057 911 813 836 845 792 778 752 793 780 762 726 694 715 719 717 721 713 714 714 717 719 720 714 711 714 718 722 729 735 740 742 747 753 767 817 859 951 1035 1001 987 1029 1093 1156 1201 1254 1298 1348 1301 1192 1062 942 1023 1150 1066 1080 1101 1036 951 1194 1197 1316 1320 1313 1181 1108 1151 1169 1207 1305 1313
809 822 662 853 834 834 1037 1065 1225 1126 1413 1340 1399 1476 1536 1392 1550 1595 1375 1344 1443 1243 1267 1178 1210 1101 1060 939 886 876 834 789 794 893 809 775 741 724 737 742 736 736 732 736 734 735 736 736 730 725 729 735 733 736 740 748 751 758 765 770 795 881 974 979 1036 1055 1030 1101 1174 1204 1260 1308 1338 1361 1345 1310 1211 1177 1133 1172 1237 1256 1077 959 1283 1453 1560 1546 1509 1279 1360 1431 1269 1482 1548 1335
781 725 636 759 800 989 1193 996 1095 1160 1196 1119 1351 1493 1549 1447 1498 1699 1615 1622 1544 1445 1338 1259 1423 1347 1167 960 1022 965 877 840 801 841 812 806 748 739 769 772 772 762 755 759 755 759 759 759 751 746 747 751 747 755 754 753 758 766 776 786 803 859 871 945 1029 1043 999 1114 1072 1202 1236 1247 1324 1375 1413 1399 1428 1311 1246 1074 1058 1016 976 935 1165 1392 1581 1727 1718 1612 1561 1480 1565 1797 1500 1334
747 692 621 762 923 1058 1184 947 806 913 968 1265 1313 1231 1508 1191 1360 1619 1331 1458 1402 1555 1672 1502 1328 1186 1043 1071 1202 1074 954 893 863 880 806 790 753 789 823 825 821 782 812 788 782 786 783 785 781 778 769 771 770 774 772 771 769 771 783 795 810 829 895 950 992 946 1030 985 1032 1070 1141 1196 1243 1277 1342 1342 1351 1403 1255 1183 1185 1217 1107 1063 1074 1036 1127 1409 1571 1600 1863 1714 1898 2011 1857 1665
783 617 590 709 812 1001 823 964 820 1021 853 1066 1215 1137 1263 1093 1332 1446 1323 1219 1294 1374 1600 1663 1499 1244 1097 1260 1307 1175 1054 959 881 912 864 797 842 877 845 895 856 800 831 811 821 805 825 818 833 819 804 812 802 804 813 818 812 797 786 800 816 833 856 872 892 914 938 966 984 1006 1053 1120 1260 1272 1290 1291 1338 1360 1307 1321 1244 1378 1261 1209 1289 1298 1350 1312 1163 1423 1622 1830 2062 2123 1963 1691
713 547 672 851 910 783 730 835 585 628 790 855 942 1125 930 1288 1444 1245 1244 1109 1337 1305 1388 1450 1444 1209 1273 1448 1224 1130 1033 939 906 862 848 797 871 892 951 899 857 832 848 847 848 839 845 867 879 847 819 825 850 834 880 891 866 862 794 803 809 823 872 906 984 1068 1010 1012 1061 1149 1147 1110 1185 1201 1305 1326 1430 1463 1558 1555 1442 1483 1498 1435 1554 1572 1561 1543 1513 1325 1389 1479 1580 1983 2019 2052
512 725 994 1053 876 720 635 702 694 830 949 816 769 808 1121 1260 1470 1249 966 1044 972 1297 1386 1435 1525 1411 1341 1309 1307 1267 1027 1024 902 1022 924 871 852 897 955 921 849 868 887 904 887 852 923 897 895 864 846 868 875 877 911 941 931 855 808 840 812 835 863 912 972 1045 1127 1221 1263 1219 1188 1217 1214 1199 1241 1316 1337 1385 1470 1485 1544 1555 1582 1616 1559 1553 1588 1607 1615 1628 1471 1573 1751 1823 1889 1992
562 807 936 812 673 650 683 514 782 712 784 668 939 834 1037 1143 1101 1213 1023 877 1197 1278 1421 1423 1381 1409 1366 1465 1186 1148 1160 1096 1016 950 1042 945 900 994 954 883 907 926 923 965 925 891 957 947 922 899 876 902 888 965 956 954 907 822 843 870 827 830 841 906 946 983 1075 1130 1210 1303 1320 1344 1330 1335 1311 1278 1297 1306 1328 1452 1493 1507 1489 1497 1488 1466 1401 1440 1495 1512 1576 1661 1699 1803 1846 1889
534 759 778 878 876 645 531 609 513 619 563 768 797 686 765 875 1006 1028 899 1013 1276 1353 1440 1349 1293 1207 1271 1414 1379 1303 1239 1360 1263 1053 1024 1021 929 1018 1069 911 942 1039 969 991 943 962 985 991 969 943 937 969 946 926 987 869 841 868 940 880 872 840 844 856 965 1031 1102 1138 1156 1222 1305 1383 1173 1194 1259 1153 1155 1228 1306 1287 1436 1437 1431 1399 1365 1335 1397 1392 1453 1475 1526 1690 1781 1962 2006 2002
636 564 599 773 601 663 507 489 600 492 607 547 640 676 820 852 938 794 697 928 1236 1055 1230 1012 960 1052 1348 1327 1393 1327 1362 1258 1107 1169 1115 1054 1144 1077 1184 1089 1030 1117 1101 1013 1031 954 1025 1036 1025 1068 1029 987 978 972 952 857 877 947 968 954 908 868 853 865 898 944 1011 1169 1219 1256 1242 1257 1140 1114 1097 1109 1119 1160 1215 1225 1243 1280 1258 1269 1286 1308 1336 1369 1398 1448 1517 1705 1831 1936 2172 2231
461 588 685 537 491 466 431 546 732 572 459 471 487 567 685 615 782 796 997 1008 917 859 851 952 1321 1315 1354 1411 1403 1426 1366 1216 1371 1447 1308 1192 1202 1255 1178 1108 1015 1115 1229 1122 1046 1068 1074 1079 1129 1092 1054 1056 1007 979 877 942 928 992 994 1001 953 917 867 875 887 930 1080 1121 1093 1075 1071 1107 1092 1077 1068 1099 1131 1129 1151 1172 1192 1207 1264 1268 1366 1318 1380 1404 1434 1519 1570 1741 1944 2156 2305 2493
434 381 378 383 487 536 575 667 776 605 763 570 756 635 570 535 569 611 679 824 663 890 1169 1082 1080 1119 1275 1363 1379 1369 1500 1453 1412 1394 1521 1503 1446 1400 1215 1142 1014 1133 1240 1292 1171 1158 1253 1163 1199 1261 1282 1271 1005 913 898 937 1077 1084 1041 1073 1033 941 877 882 893 913 985 984 985 993 1015 1022 1037 1051 1076 1220 1235 1157 1216 1179 1185 1208 1250 1259 1280 1354 1389 1494 1533 1574 1688 1956 2086 2263 2322 2248
383 598 640 707 831 700 993 1121 1040 762 832 711 779 621 687 741 813 844 676 589 602 714 776 728 934 936 1108 1157 1349 1404 1450 1354 1369 1446 1424 1497 1404 1312 1186 1304 1255 1088 1142 1296 1256 1211 1444 1302 1491 1235 1120 1034 1004 913 944 1004 1004 1085 1042 1000 1004 949 941 890 901 916 933 947 1009 994 1075 1049 1096 1184 1164 1161 1336 1357 1366 1271 1223 1244 1257 1418 1499 1481 1498 1459 1545 1585 1640 1716 1889 2064 2126 2162
582 616 647 549 672 730 952 1003 1132 1007 825 911 906 677 893 825 992 769 781 658 642 689 655 618 751 807 1052 1152 994 1068 1090 1213 1307 1461 1449 1351 1401 1416 1274 1291 1427 1421 1152 1146 1288 1372 1427 1505 1444 1421 1257 1094 932 1043 1082 1109 1170 1129 1095 1048 1042 997 930 963 907 911 922 951 980 1083 1113 1088 1186 1248 1252 1244 1335 1275 1337 1425 1400 1348 1401 1455 1373 1382 1449 1503 1543 1586 1637 1693 1759 1826 1898 1993
429 426 469 677 827 814 843 908 875 1047 1198 1223 1014 890 857 939 918 847 768 683 740 1010 934 688 692 908 847 929 1121 1167 1266 1381 1322 1289 1276 1389 1443 1502 1536 1499 1390 1308 1214 1321 1211 1292 1249 1336 1351 1318 1224 968 1148 1218 1349 1381 1283 1396 1212 1127 1049 1005 987 982 1021 919 928 944 979 1004 1057 1144 1118 1147 1159 1233 1203 1309 1370 1321 1327 1289 1412 1394 1370 1373 1391 1444 1529 1583 1634 1690 1744 1804 1860 1884
574 689 516 549 648 725 792 696 929 978 879 879 838 914 1065 1080 904 882 766 870 922 1068 1059 914 690 925 866 845 932 1167 1433 1335 1268 1218 1353 1368 1443 1561 1648 1612 1573 1464 1367 1330 1277 1431 1367 1219 1190 1188 1228 1068 1039 1204 1305 1325 1423 1308 1400 1253 1206 1116 1016 1048 956 999 933 951 971 995 1022 1052 1078 1092 1155 1156 1238 1303 1318 1302 1265 1285 1273 1298 1327 1374 1374 1376 1445 1500 1607 1658 1711 1769 1792 1811
948 879 731 591 526 654 698 833 793 728 938 897 774 846 855 1037 1092 1007 884 943 872 976 903 862 802 689 877 989 978 1029 1275 1146 1267 1320 1387 1305 1439 1571 1525 1485 1523 1610 1562 1510 1440 1475 1320 1270 1259 1170 1060 1073 1076 1039 1122 1365 1406 1405 1491 1425 1463 1329 1217 1183 1076 1087 966 945 967 990 1107 1058 1128 1158 1237 1295 1296 1205 1245 1228 1228 1261 1337 1418 1435 1476 1508 1504 1426 1449 1496 1535 1583 1622 1741 1807
1014 853 774 665 718 750 534 665 745 683 816 702 911 979 940 1049 1137 1153 1077 1139 1174 1028 885 800 848 764 761 883 988 985 1020 1056 1244 1327 1231 1448 1519 1480 1406 1385 1500 1549 1527 1605 1536 1506 1336 1283 1131 1082 1102 1029 1184 1121 1115 1184 1187 1241 1314 1383 1271 1196 1306 1251 1150 1060 1099 987 958 978 1048 1231 1178 1200 1196 1165 1145 1187 1202 1188 1292 1334 1330 1379 1367 1459 1499 1556 1572 1557 1559 1597 1503 1510 1588 1639
1139 1009 900 951 793 748 638 787 593 593 626 650 819 937 947 969 964 972 982 1109 1137 1177 1113 1064 974 914 745 763 867 946 1106 1219 1117 1133 1379 1288 1448 1376 1292 1398 1521 1543 1406 1515 1604 1520 1415 1468 1175 1407 1293 1117 1200 1308 1383 1202 1195 1369 1497 1514 1520 1292 1402 1361 1241 1212 1111 1020 979 969 1027 1199 1312 1178 1132 1109 1152 1168 1192 1330 1335 1429 1480 1453 1475 1473 1472 1502 1574 1491 1524 1430 1443 1498 1587 1577
1074 1169 1107 981 810 663 721 825 973 824 734 685 692 757 963 1014 1114 1025 1061 1136 1063 1089 1091 990 967 988 937 794 873 1006 1052 1011 1132 1193 1161 1276 1207 1228 1356 1388 1420 1528 1337 1562 1688 1672 1621 1469 1308 1448 1344 1157 1154 1307 1344 1322 1334 1318 1324 1355 1531 1591 1707 1500 1445 1245 1159 1092 1029 1008 996 1163 1225 1187 1093 1128 1258 1249 1294 1281 1331 1351 1460 1440 1435 1455 1466 1510 1523 1464 1506 1419 1422 1485 1528 1619
787 1016 1261 917 807 922 837 811 804 906 824 686 910 691 929 1258 1238 1242 1190 1242 1188 1112 1105 1080 1022 983 987 929 931 987 979 1033 884 903 1003 1052 1020 1183 1466 1437 1363 1367 1300 1345 1408 1480 1578 1469 1438 1374 1324 1288 1100 1277 1551 1408 1461 1534 1523 1489 1442 1471 1572 1602 1530 1326 1349 1273 1047 1031 990 1010 1043 1044 1076 1188 1208 1327 1282 1212 1251 1383 1406 1379 1403 1442 1422 1439 1460 1386 1446 1386 1444 1591 1719 1721
984 1220 1338 1211 1004 1146 909 983 1031 934 957 990 844 868 889 1067 1096 1010 1263 1338 1373 1302 1256 1247 1174 1163 1115 1142 1233 1077 1162 1264 1163 1261 1057 1102 1195 1123 1199 1211 1535 1609 1704 1526 1436 1458 1571 1439 1529 1540 1385 1351 1145 1189 1403 1502 1573 1688 1607 1550 1569 1468 1389 1351 1349 1323 1278 1290 1179 1316 1064 1002 1166 1283 1297 1184 1127 1162 1172 1239 1204 1265 1350 1316 1347 1354 1415 1398 1436 1438 1338 1404 1474 1600 1748 1741
1031 1029 1080 1216 1061 1253 1117 1132 985 986 1004 1184 1171 1050 855 889 1218 1253 1121 1287 1671 1627 1658 1487 1520 1420 1274 1453 1489 1354 1340 1446 1332 1395 1247 1233 1381 1292 1142 1118 1287 1477 1616 1770 1616 1526 1520 1397 1366 1388 1228 1207 1237 1268 1300 1346 1539 1583 1622 1724 1649 1553 1502 1547 1528 1568 1513 1324 1226 1275 1218 1050 1014 1090 1080 1091 1100 1121 1172 1164 1207 1227 1255 1279 1340 1372 1424 1360 1404 1325 1325 1386 1482 1528 1631 1737
772 861 979 1087 1208 1186 1364 1279 1149 1102 971 1142 1356 1104 974 1152 1256 1524 1346 1358 1466 1763 1901 1853 1798 1555 1540 1532 1709 1659 1548 1590 1526 1585 1448 1282 1545 1453 1386 1232 1306 1275 1490 1553 1807 1643 1483 1467 1378 1369 1352 1268 1303 1298 1327 1355 1519 1583 1532 1621 1600 1645 1652 1629 1621 1646 1551 1421 1324 1342 1333 1127 1086 1025 1055 1077 1116 1126 1154 1184 1264 1270 1250 1250 1265 1317 1310 1348 1355 1285 1345 1385 1448 1458 1557 1529
676 828 1043 1103 1112 1185 1267 1084 1117 1111 843 920 1198 1334 1105 1278 1316 1582 1540 1412 1452 1564 1779 1929 1809 1675 1754 1582 1620 1801 1729 1692 1681 1724 1629 1458 1570 1699 1601 1486 1370 1589 1439 1450 1640 1872 1591 1503 1470 1437 1338 1325 1436 1429 1428 1488 1635 1590 1518 1659 1555 1653 1526 1587 1542 1506 1504 1522 1484 1163 1121 1124 1179 1039 1032 1072 1141 1126 1158 1172 1241 1208 1201 1222 1226 1287 1315 1300 1252 1279 1312 1405 1528 1471 1543 1490
719 876 789 843 969 1052 1109 1139 1035 781 762 844 1088 1048 1258 1324 1479 1668 1725 1665 1629 1926 1933 1883 1838 1782 1759 1675 1664 1745 1644 1632 1686 1702 1582 1665 1676 1837 1767 1758 1592 1701 1734 1582 1670 1802 1881 1638 1609 1577 1493 1499 1424 1309 1300 1375 1452 1544 1527 1625 1614 1633 1467 1424 1413 1575 1603 1502 1300 1463 1251 1168 1075 1124 1056 1056 1086 1122 1131 1183 1194 1160 1169 1185 1243 1254 1241 1224 1280 1385 1308 1297 1302 1323 1363 1374
614 601 597 823 954 868 951 1010 1074 952 684 782 789 1028 1223 1303 1229 1291 1724 1750 1586 1761 1709 1629 1632 1606 1562 1589 1543 1607 1647 1568 1498 1508 1376 1350 1441 1578 1914 1847 1755 1875 1981 1835 1785 1669 1728 1722 1893 1695 1570 1464 1382 1317 1264 1304 1421 1345 1481 1407 1431 1461 1615 1451 1309 1377 1437 1328 1365 1436 1342 1329 1135 1098 1079 1054 1159 1193 1118 1147 1113 1124 1135 1146 1167 1223 1197 1255 1266 1299 1250 1306 1332 1405 1423 1485
420 396 534 653 715 692 712 757 860 896 848 638 800 978 971 956 1235 1480 1371 1499 1329 1507 1663 1501 1403 1353 1279 1377 1403 1333 1357 1438 1175 1276 1207 1212 1396 1423 1539 1768 1973 1934 1823 1827 1905 1757 1587 1450 1503 1976 1646 1536 1478 1436 1313 1195 1242 1272 1351 1399 1506 1402 1385 1420 1446 1255 1216 1237 1297 1162 1183 1193 1228 1292 1155 1078 1066 1098 1091 1099 1109 1150 1142 1145 1153 1166 1198 1205 1252 1244 1238 1286 1407 1468 1463 1522
365 431 503 628 526 559 545 566 630 721 712 618 651 797 840 977 997 1043 1260 1100 1071 1234 1533 1302 1146 1089 1081 1133 1179 1105 1137 1205 1047 1086 1105 1136 1272 1314 1485 1513 1539 1784 1736 1655 1844 1742 1644 1484 1329 1512 1467 1689 1671 1444 1415 1431 1265 1166 1158 1315 1244 1414 1429 1370 1300 1311 1352 1363 1248 1290 1262 1347 1362 1428 1287 1146 1225 1111 1120 1164 1128 1151 1183 1226 1231 1231 1265 1298 1307 1264 1337 1298 1295 1318 1337 1347
404 425 472 554 436 459 426 473 507 608 577 492 638 807 733 790 949 974 1000 885 1232 1273 1318 1571 1514 1275 1040 888 933 939 950 943 1073 1003 1044 1189 1241 1165 1189 1274 1380 1435 1358 1543 1599 1557 1466 1357 1296 1233 1319 1488 1469 1336 1364 1302 1256 1082 1104 1143 1260 1189 1273 1432 1482 1375 1410 1313 1333 1309 1236 1407 1445 1271 1281 1240 1292 1135 1174 1214 1179 1178 1232 1270 1324 1370 1421 1409 1500 1441 1545 1549 1420 1440 1320 1402
429 378 382 481 505 379 433 370 492 638 428 481 643 695 664 787 923 814 934 830 1079 1357 1466 1474 1300 1362 1306 981 797 888 1071 1068 1111 1052 1016 1145 1151 1208 1212 1484 1525 1399 1231 1356 1317 1397 1297 1189 1261 1109 1211 1496 1362 1290 1347 1224 1166 1152 1090 1086 1185 1121 1114 1242 1250 1347 1251 1361 1404 1283 1269 1314 1346 1362 1277 1327 1323 1272 1359 1281 1324 1432 1320 1337 1391 1450 1460 1675 1657 1594 1615 1567 1511 1463 1584 1414
365 340 433 410 468 357 357 389 445 484 370 531 596 559 640 681 761 747 720 753 938 1046 1279 1299 1090 1014 1091 1111 872 741 937 963 1099 1097 961 1107 1126 1254 1265 1437 1321 1328 1386 1143 1167 1155 1169 1151 1069 1055 1164 1336 1335 1169 1307 1314 1348 1259 1255 1126 1060 1102 1078 1144 1142 1161 1208 1326 1431 1469 1292 1360 1363 1523 1409 1498 1502 1521 1434 1417 1606 1568 1477 1452 1463 1494 1518 1613 1862 1866 1857 1846 1721 1720 1590 1692
347 330 460 351 365 346 334 417 512 398 375 424 477 520 511 513 674 668 597 644 847 992 1058 964 1035 1034 874 895 936 771 901 821 897 1104 1280 1411 1409 1465 1418 1288 1192 1071 1102 1115 1104 1108 1200 1188 1044 988 1074 1247 1087 1056 1119 1256 1170 1253 1179 1074 1213 1281 1269 1241 1162 1317 1251 1370 1304 1512 1371 1375 1450 1603 1575 1524 1621 1723 1645 1652 1680 1722 1885 1704 1777 1739 1587 1569 1581 1759 1825 2016 1998 1703 1778 1913
340 401 401 344 306 343 440 479 431 332 470 514 565 624 577 452 592 507 489 610 654 782 837 898 923 924 1039 712 764 895 682 985 1018 1135 1362 1430 1244 1209 1264 1354 1224 1125 1044 1031 1138 1136 1293 1239 1081 1013 1122 1115 1333 1150 968 1005 1226 1307 1100 996 1266 1227 1265 1295 1339 1276 1366 1460 1414 1524 1558 1503 1483 1587 1548 1434 1476 1632 1742 1919 1986 1975 2071 2078 1835 2042 1895 1772 1875 1739 1758 1810 2027 2016 1976 2059
267 312 333 280 312 439 404 409 441 324 385 453 596 535 452 420 493 402 383 419 478 542 542 689 948 836 772 652 622 619 710 872 1118 1347 1421 1352 1185 1047 1221 1258 1166 1024 1179 1279 1198 1171 1239 1030 947 951 987 1139 1097 1213 973 1164 1166 1150 1080 1056 1044 1074 1190 1153 1239 1384 1455 1560 1503 1490 1462 1563 1511 1489 1528 1446 1486 1495 1609 1677 1828 1874 2030 2042 2077 2084 2230 2160 2138 1988 1968 1923 1929 1915 1956 2004
245 245 247 317 386 382 453 462 359 301 369 408 440 438 422 384 322 419 541 598 589 543 518 531 612 610 680 621 844 1021 979 1001 996 1195 1257 1203 1054 941 1120 936 805 1063 1215 1252 1300 1160 1011 1147 1063 907 945 826 1036 979 1027 954 909 950 957 1056 1150 1117 1222 1386 1371 1481 1511 1655 1538 1514 1399 1370 1465 1382 1466 1385 1399 1565 1465 1542 1588 1639 1709 1746 1806 1823 2080 1916 1745 1738 2127 2238 2053 1961 1892 1845
