resources/data/test/data/test/asc/aaigrid_elevations.asc
ncols        121
nrows        121
xllcorner    -120.004166666667
yllcorner    33.995833333333
cellsize     0.008333333333
NODATA_value -32767
[rows 46 to 91 of 121, columns 0 to 95 of 121]
218 236 261 273 290 320 343 390 335 373 414 380 410 393 330 301 422 587 473 567 642 757 725 708 701 862 780 847 804 943 932 1188 1283 1281 1167 978 997 787 975 830 873 1037 1123 1066 1073 1036 967 878 928 828 954 785 826 886 920 970 1063 1128 1240 1331 1335 1234 1197 1257 1505 1550 1526 1504 1524 1477 1534 1451 1340 1402 1439 1339 1315 1471 1368 1432 1448 1465 1493 1473 1587 1596 1704 1664 1603 1803 1855 1894 1811 1808 1898 2048
251 243 252 261 288 278 272 294 256 344 451 374 312 286 382 430 558 471 402 402 518 692 632 707 869 959 1150 1067 868 916 1106 1136 1171 1205 1227 985 856 803 855 741 776 916 985 814 886 850 823 951 696 856 927 1075 1137 1134 1218 1067 1204 1346 1301 1305 1534 1524 1459 1526 1566 1519 1561 1500 1553 1479 1422 1400 1349 1357 1314 1349 1273 1367 1314 1305 1398 1355 1361 1397 1438 1476 1499 1449 1420 1486 1508 1515 1550 1439 1547 1786
282 319 316 316 273 235 288 246 306 309 353 271 288 352 383 393 441 419 436 546 588 522 510 657 762 769 874 969 1079 1128 1304 1322 1220 937 1053 923 780 837 800 931 647 946 1091 748 918 826 747 631 731 874 1126 1222 1401 1332 1497 1367 1282 1217 1283 1246 1419 1376 1384 1402 1471 1595 1601 1597 1620 1531 1486 1487 1375 1346 1346 1288 1300 1313 1250 1252 1262 1287 1347 1297 1275 1276 1329 1281 1288 1260 1258 1385 1346 1387 1357 1457
175 195 270 234 230 230 230 257 325 325 252 268 387 360 353 397 399 359 440 576 707 526 493 515 559 552 622 837 922 886 948 1069 1173 1171 1025 785 742 799 706 825 648 847 909 780 889 1053 689 626 735 835 967 1124 1121 1088 1196 1115 1063 1199 1086 1169 1383 1349 1502 1383 1454 1511 1478 1474 1554 1591 1588 1558 1499 1522 1498 1503 1416 1365 1422 1496 1299 1351 1305 1266 1186 1203 1229 1313 1210 1181 1222 1273 1231 1286 1286 1299
234 222 204 230 230 239 230 230 287 238 241 378 357 324 308 370 351 349 392 554 706 640 412 454 411 431 501 674 771 666 770 740 850 875 985 901 847 706 814 656 610 691 916 689 749 714 580 644 729 843 855 907 999 1010 948 1004 1124 1222 1287 1263 1299 1371 1514 1645 1562 1657 1618 1536 1326 1444 1479 1556 1517 1602 1706 1546 1691 1561 1450 1654 1461 1549 1493 1506 1462 1296 1259 1147 1111 1133 1231 1192 1198 1177 1211 1191
299 319 280 279 270 249 230 230 262 253 295 262 265 270 279 285 353 316 375 451 583 621 528 360 471 646 664 709 656 547 559 643 788 893 733 814 849 872 894 663 668 802 787 690 588 614 540 703 620 670 678 771 1003 858 745 993 1172 1060 1252 1355 1517 1393 1579 1686 1716 1601 1449 1389 1405 1305 1495 1435 1306 1338 1483 1629 1578 1522 1479 1529 1481 1516 1618 1682 1619 1462 1380 1226 1195 1093 1249 1105 1188 1132 1100 1119
413 402 368 354 303 319 259 286 230 230 230 230 230 263 292 351 344 377 345 369 489 500 339 479 514 456 516 610 473 475 665 800 829 754 695 685 754 659 752 750 648 620 731 860 721 639 527 675 737 862 948 923 870 918 805 905 991 1163 1223 1138 1175 1299 1429 1593 1708 1717 1706 1715 1591 1383 1217 1222 1365 1580 1686 1569 1312 1351 1471 1732 1750 1655 1539 1499 1310 1160 1074 1115 1089 1161 1158 1041 1089 1082 1076 1048
397 475 437 480 447 355 374 356 311 285 272 256 230 254 251 294 326 319 331 350 313 351 322 440 582 562 449 394 566 623 648 802 703 639 763 818 620 627 718 676 612 585 598 624 773 577 510 550 667 746 882 820 788 679 745 941 849 954 1017 1057 1235 1352 1415 1570 1473 1481 1410 1505 1399 1542 1344 1284 1089 1406 1490 1466 1295 1161 1389 1574 1410 1321 1303 1202 1137 1264 1208 1155 1043 1029 1017 1022 1023 988 1105 1016
570 639 542 621 547 421 446 400 329 370 343 278 259 229 260 239 302 275 279 265 276 291 345 375 452 400 431 443 377 519 755 700 585 513 647 822 838 791 645 495 534 567 550 501 546 551 664 677 755 750 736 839 749 705 685 716 770 827 915 980 1213 1332 1447 1730 1547 1557 1420 1172 1160 1241 1437 1026 1103 1278 1441 1422 1297 1036 1095 1326 1458 1432 1349 1240 1281 1407 1328 1281 1338 1272 1241 1138 1017 1191 1107 1018
703 767 802 846 745 532 552 499 497 468 446 426 316 375 309 334 290 287 279 352 427 336 327 288 309 373 341 366 310 328 380 333 442 425 432 427 477 799 676 676 489 560 521 475 533 463 551 606 603 710 715 646 623 716 873 934 834 1059 1172 1163 1176 1425 1589 1760 1774 1590 1421 1453 1219 1124 927 884 1027 1122 1122 1304 1213 950 1097 1310 1259 1289 1344 1408 1447 1454 1431 1393 1369 1283 1210 1130 1154 1146 1022 1119
1038 1093 1119 1008 759 908 837 846 745 638 644 561 481 543 383 533 411 368 382 394 332 533 511 394 612 576 507 461 404 395 425 456 412 348 485 451 502 632 482 563 440 662 668 522 454 503 621 615 604 714 717 638 550 749 823 990 1175 1200 1231 1241 1457 1437 1511 1623 1591 1665 1664 1534 1434 1261 1063 863 773 974 1047 986 1021 943 942 1075 1042 1007 1163 1325 1296 1281 1021 1012 984 813 915 1072 1073 1071 1054 1088
941 909 1124 1189 1136 1201 1005 965 994 932 899 813 735 591 571 564 427 449 592 637 515 410 651 643 700 791 763 710 646 506 571 513 498 433 452 464 485 395 444 449 430 468 446 565 535 494 693 671 641 666 638 616 536 707 863 1061 1091 1129 1080 1220 1116 1178 1412 1462 1378 1552 1436 1218 1172 1145 910 749 688 1022 959 811 840 878 754 1001 860 1059 1208 1166 1122 1062 890 799 708 840 800 863 1064 1212 1130 1131
748 655 920 907 782 835 654 717 751 836 861 720 786 788 744 630 589 664 770 714 669 595 634 789 799 868 946 810 882 659 791 711 653 640 668 618 555 604 566 579 469 786 661 507 450 588 564 559 522 503 550 536 615 682 860 945 961 1125 945 1007 869 936 1082 1243 1405 1541 1554 1337 1059 888 753 620 630 676 599 574 585 771 935 930 949 1122 1049 886 844 848 721 653 671 768 998 983 1074 1365 1283 1432
527 570 681 716 591 585 470 439 611 776 732 688 691 733 691 760 860 923 882 805 759 655 685 636 743 814 857 994 1058 918 978 1033 984 739 816 758 820 711 576 635 610 683 744 761 539 504 498 457 569 674 568 523 622 805 806 732 854 815 758 798 826 952 1044 1201 1246 1270 1293 1414 1220 1129 1086 963 821 538 489 643 640 681 704 780 671 919 974 735 527 461 509 563 838 925 837 956 1171 1133 1172 1035
343 361 539 557 470 414 353 400 570 672 564 391 611 517 597 863 841 874 832 784 734 685 626 582 522 726 652 754 759 807 861 849 1047 1120 1125 878 938 1030 874 718 855 714 720 736 724 759 615 563 561 639 690 708 563 610 580 722 680 712 738 791 701 774 859 904 1041 1022 1151 1249 1286 1232 930 721 657 553 665 589 541 530 451 418 525 564 647 650 411 559 799 864 898 991 1144 1261 1169 916 987 1010
371 254 372 309 325 346 274 376 344 394 471 264 563 437 580 640 618 641 601 555 514 522 521 488 378 522 399 558 580 681 694 783 960 754 984 1011 1013 1046 1114 1070 1017 987 1077 969 798 630 606 537 548 537 606 614 746 571 546 662 696 765 595 663 716 736 730 754 789 852 930 1028 1081 989 811 824 744 901 914 782 795 743 752 638 488 350 342 437 636 786 897 935 915 942 1065 1129 1109 816 778 867
177 152 180 298 163 230 196 297 180 268 246 244 310 316 343 361 383 306 359 338 359 264 234 226 215 291 333 319 368 398 479 662 616 664 888 669 744 959 920 949 834 846 921 1042 1061 1036 963 895 823 736 764 782 646 719 719 659 665 648 656 726 769 750 817 943 1027 1122 1087 1189 1165 1039 1090 1184 989 1240 1095 1047 1027 1109 948 747 725 585 550 379 337 330 568 662 716 929 920 1046 915 941 657 798
192 87 161 199 168 198 184 232 129 182 162 217 210 157 124 139 202 141 194 103 208 153 189 147 229 109 214 165 254 248 264 347 426 401 569 498 623 643 684 831 838 697 702 787 724 663 771 900 1036 818 936 896 740 886 979 1048 992 888 1047 1109 893 903 1025 1088 1269 1196 1323 1255 1367 1192 1153 1221 1365 1263 1176 1165 1090 949 777 1017 838 823 854 583 374 249 416 461 489 607 554 588 563 499 468 443
79 72 177 159 113 139 107 157 134 108 89 117 123 93 86 73 106 80 110 114 98 111 117 90 127 138 101 173 215 225 246 199 263 264 320 313 458 479 523 580 580 415 458 721 777 561 723 786 898 529 818 973 943 950 1059 1048 1092 1061 1005 1139 1105 1104 1057 1188 883 884 1095 1150 997 1102 884 917 1162 1318 1043 856 820 891 659 682 592 620 520 425 426 242 289 326 326 383 421 384 334 324 332 342
27 49 71 73 71 57 119 171 130 110 62 139 155 90 110 71 92 66 64 84 45 61 46 49 94 99 116 121 145 120 137 149 228 175 267 253 286 297 304 268 361 406 377 432 429 321 475 408 500 375 525 531 608 580 680 765 777 720 777 785 762 817 784 887 896 825 932 802 893 874 764 761 754 831 1005 891 684 573 471 502 431 375 320 297 255 220 242 261 299 312 283 253 253 261 262 276
0 0 6 28 41 30 50 106 94 89 45 88 107 122 119 43 97 34 41 28 22 25 30 33 37 52 94 81 73 69 88 94 118 152 192 168 247 255 181 161 191 207 185 209 202 202 226 283 259 244 326 339 385 403 485 579 545 565 627 679 525 617 668 591 562 614 732 592 770 821 770 621 585 655 724 660 621 578 418 326 356 318 354 305 260 210 233 233 252 266 243 235 236 240 250 264
0 0 0 0 0 32 39 54 57 72 26 57 32 52 40 33 33 32 17 16 10 13 20 27 35 34 24 39 43 57 66 68 76 77 103 157 211 230 234 71 142 154 126 121 88 102 118 128 116 146 204 239 259 291 324 343 343 351 390 481 417 451 407 472 495 576 621 452 655 784 781 523 503 532 548 543 577 489 451 341 297 288 233 230 198 207 239 228 231 244 233 228 219 239 252 317
0 0 0 0 0 0 0 0 0 0 10 19 40 39 19 23 14 12 5 7 6 9 13 14 18 15 16 29 65 49 63 54 72 56 70 65 58 51 51 79 118 143 97 66 49 71 79 67 78 153 165 140 181 271 220 315 266 351 526 429 412 388 449 370 359 460 406 417 502 603 718 518 353 496 522 547 475 340 263 237 241 215 192 193 177 191 199 207 213 202 199 228 399 451 490 477
0 0 0 0 0 0 0 0 0 0 0 0 27 25 10 10 14 4 3 1 1 6 6 10 18 23 56 87 58 94 39 55 45 38 33 36 26 9 11 16 19 34 42 45 26 21 46 52 64 88 59 61 116 89 139 192 178 183 326 259 300 302 332 263 427 428 439 455 523 522 551 455 390 289 353 292 251 219 213 204 214 222 221 186 162 197 240 247 222 201 229 266 288 357 404 363
0 0 0 0 0 0 0 0 0 0 0 0 0 0 22 2 11 15 19 10 5 0 0 12 0 0 36 34 79 144 165 24 104 38 24 20 16 5 5 0 0 0 0 8 0 0 0 0 0 0 29 22 16 9 18 32 38 51 54 48 83 188 232 146 202 362 304 430 427 664 569 473 404 331 298 222 194 209 254 192 211 233 239 171 149 205 257 202 169 213 278 320 442 430 358 512
0 0 0 0 0 0 0 0 0 0 0 0 0 0 0 0 0 0 8 0 0 0 0 0 0 0 0 0 0 49 60 24 111 111 99 101 9 2 0 0 0 0 0 0 0 0 0 0 0 0 0 0 0 0 7 5 12 15 13 18 29 60 106 129 129 206 300 296 450 548 470 483 446 417 350 216 174 169 183 172 175 192 183 137 151 253 185 209 361 379 534 665 635 609 647 777
0 0 0 0 0 0 0 0 0 0 0 0 0 0 0 0 0 0 0 0 0 0 0 0 0 0 0 0 0 0 0 0 52 53 60 32 0 0 0 0 0 0 0 0 0 0 0 0 0 0 0 0 0 0 0 0 0 4 10 21 30 42 55 123 200 166 94 307 301 409 385 441 422 441 475 435 352 213 203 169 169 188 144 124 164 187 134 283 374 521 515 555 580 511 472 453
0 0 0 0 0 0 0 0 0 0 0 0 0 0 0 0 0 0 0 0 0 0 0 0 0 0 0 0 0 0 0 0 0 0 0 0 0 0 0 0 0 0 0 0 0 0 0 0 0 0 0 0 0 0 0 0 0 0 16 18 30 60 66 41 100 73 139 133 159 211 307 296 343 358 418 270 225 212 169 238 169 251 164 117 161 148 284 400 406 341 366 370 399 308 369 437
0 0 0 0 0 0 0 0 0 0 0 0 0 0 0 0 0 0 0 0 0 0 0 0 0 0 0 0 0 0 0 0 0 0 0 0 0 0 0 0 0 0 0 0 0 0 0 0 0 0 0 0 0 0 0 0 0 0 0 0 0 0 58 57 60 216 246 386 406 330 365 217 224 267 310 274 169 169 169 169 169 203 210 104 114 253 322 374 370 254 329 315 313 277 432 360
0 0 0 0 0 0 0 0 0 0 0 0 0 0 0 0 0 0 0 0 0 0 0 0 0 0 0 0 0 0 0 0 0 0 0 0 0 0 0 0 0 0 0 0 0 0 0 0 0 0 0 0 0 0 0 0 0 0 0 0 0 0 0 7 0 90 204 276 384 556 478 204 426 406 360 364 252 187 210 169 181 225 175 90 222 247 330 320 259 321 200 273 213 288 326 360
0 0 0 0 0 0 0 0 0 0 0 0 0 0 0 0 0 0 0 0 0 0 0 0 0 0 0 0 0 0 0 0 0 0 0 0 0 0 0 0 0 0 0 0 0 0 0 0 0 0 0 0 0 0 0 0 0 0 0 0 0 0 0 0 0 0 15 219 271 368 478 135 496 373 422 343 290 299 250 245 171 127 165 84 143 220 247 290 192 244 170 180 202 274 362 378
0 0 0 0 0 0 0 0 0 0 0 0 0 0 0 0 0 0 0 0 0 0 0 0 0 0 0 0 0 0 0 0 0 0 0 0 0 0 0 0 0 0 0 0 0 0 0 0 0 0 0 0 0 0 0 0 0 0 0 0 0 0 0 0 0 0 0 15 101 188 193 333 270 418 268 435 520 575 507 376 283 213 86 119 223 233 192 213 206 227 155 274 354 425 379 400
0 0 0 0 0 0 0 0 0 0 0 0 0 0 0 0 0 0 0 0 0 0 0 0 0 0 0 0 0 0 0 0 0 0 0 0 0 0 0 0 0 0 0 0 0 0 0 0 0 0 0 0 0 0 0 0 0 0 0 0 0 0 0 0 0 0 0 0 0 6 101 189 204 145 426 459 256 395 488 611 579 414 293 187 70 88 153 197 186 127 177 206 268 310 444 469
0 0 0 0 0 0 0 0 0 0 0 0 0 0 0 0 0 0 0 0 0 0 0 0 0 0 0 0 0 0 0 0 0 0 0 0 0 0 0 0 0 0 0 0 0 0 0 0 0 0 0 0 0 0 0 0 0 0 0 0 0 0 0 0 0 0 0 0 0 0 2 73 233 111 246 144 254 412 463 424 427 330 207 221 63 70 129 149 140 138 229 322 382 387 485 463
0 0 0 0 0 0 0 0 0 0 0 0 0 0 0 0 0 0 0 0 0 0 0 0 0 0 0 0 0 0 0 0 0 0 0 0 0 0 0 0 0 0 0 0 0 0 0 0 0 0 0 0 0 0 0 0 0 0 0 0 0 0 0 0 0 0 0 0 0 0 0 0 39 269 76 131 232 186 286 330 325 330 264 191 73 64 88 134 151 242 234 229 265 399 473 414
0 0 0 0 0 0 0 0 0 0 0 0 0 0 0 0 0 0 0 0 0 0 0 0 0 0 0 0 0 0 0 0 0 0 0 0 0 0 0 0 0 0 0 0 0 0 0 0 0 0 0 0 0 0 0 0 0 0 0 0 0 0 0 0 0 0 0 0 0 0 0 0 0 87 122 87 172 214 315 215 226 169 165 153 95 53 98 187 258 233 231 232 221 319 363 405
0 0 0 0 0 0 0 0 0 0 0 0 0 0 0 0 0 0 0 0 0 0 0 0 0 0 0 0 0 0 0 0 0 0 0 0 0 0 0 0 0 0 0 0 0 0 0 0 0 0 0 0 0 0 0 0 0 0 0 0 0 0 0 0 0 0 0 0 0 0 0 0 0 0 0 0 0 147 200 263 195 126 134 176 46 40 134 224 196 174 327 177 321 291 273 294
0 0 0 0 0 0 0 0 0 0 0 0 0 0 0 0 0 0 0 0 0 0 0 0 0 0 0 0 0 0 0 0 0 0 0 0 0 0 0 0 0 0 0 0 0 0 0 0 0 0 0 0 0 0 0 0 0 0 0 0 0 0 0 0 0 0 0 0 0 0 0 0 0 0 0 0 0 0 48 230 201 183 139 87 25 46 107 127 191 240 138 256 242 210 257 335
0 0 0 0 0 0 0 0 0 0 0 0 0 0 0 0 0 0 0 0 0 0 0 0 0 0 0 0 0 0 0 0 0 0 0 0 0 0 0 0 0 0 0 0 0 0 0 0 0 0 0 0 0 0 0 0 0 0 0 0 0 0 0 0 0 0 0 0 0 0 0 0 0 0 0 0 0 0 0 57 244 237 173 77 25 27 169 267 294 110 233 184 283 239 251 246
0 0 0 0 0 0 0 0 0 0 0 0 0 0 0 0 0 0 0 0 0 0 0 0 0 0 0 0 0 0 0 0 0 0 0 0 0 0 0 0 0 0 0 0 0 0 0 0 0 0 0 0 0 0 0 0 0 0 0 0 0 0 0 0 0 0 0 0 0 0 0 0 0 0 0 0 0 0 0 0 76 132 71 12 15 46 87 195 226 144 236 184 223 167 152 174
0 0 0 0 0 0 0 0 0 0 0 0 0 0 0 0 0 0 0 0 0 0 0 0 0 0 0 0 0 0 0 0 0 0 0 0 0 0 0 0 0 0 0 0 0 0 0 0 0 0 0 0 0 0 0 0 0 0 0 0 0 0 0 0 0 0 0 0 0 0 0 0 0 0 0 0 0 0 0 0 0 0 18 8 10 58 71 79 105 77 121 101 109 111 108 120
0 0 0 0 0 0 0 0 0 0 0 0 0 0 0 0 0 0 0 0 0 0 0 0 0 0 0 0 0 0 0 0 0 0 0 0 0 0 0 0 0 0 0 0 0 0 0 0 0 0 0 0 0 0 0 0 0 0 0 0 0 0 0 0 0 0 0 0 0 0 0 0 0 0 0 0 0 0 0 0 0 0 0 5 6 5 19 25 37 44 51 61 68 78 79 92
0 0 0 0 0 0 0 0 0 0 0 0 0 0 0 0 0 0 0 0 0 0 0 0 0 0 0 0 0 0 0 0 0 0 0 0 0 0 0 0 0 0 0 0 0 0 0 0 0 0 0 0 0 0 0 0 0 0 0 0 0 0 0 0 0 0 0 0 0 0 0 0 0 0 0 0 0 0 0 0 0 0 0 0 0 0 0 5 25 28 33 40 53 59 70 75
0 0 0 0 0 0 0 0 0 0 0 0 0 0 0 0 0 0 0 0 0 0 0 0 0 0 0 0 0 0 0 0 0 0 0 0 0 0 0 0 0 0 0 0 0 0 0 0 0 0 0 0 0 0 0 0 0 0 0 0 0 0 0 0 0 0 0 0 0 0 0 0 0 0 0 0 0 0 0 0 0 0 0 0 0 0 0 0 3 16 19 27 40 45 52 60
0 0 0 0 0 0 0 0 0 0 0 0 0 0 0 0 0 0 0 0 0 0 0 0 0 0 0 0 0 0 0 0 0 0 0 0 0 0 0 0 0 0 0 0 0 0 0 0 0 0 0 0 0 0 0 0 0 0 0 0 0 0 0 0 0 0 0 0 0 0 0 0 0 0 0 0 0 0 0 0 0 0 0 0 0 0 0 0 0 10 13 18 23 30 33 33
0 0 0 0 0 0 0 0 0 0 0 0 0 0 0 0 0 0 0 0 0 0 0 0 0 0 0 0 0 0 0 0 0 0 0 0 0 0 0 0 0 0 0 0 0 0 0 0 0 0 0 0 0 0 0 0 0 0 0 0 0 0 0 0 0 0 0 0 0 0 0 0 0 0 0 0 0 0 0 0 0 0 0 0 0 0 0 0 4 7 8 12 12 12 15 19
